{"config_name": "BNB_29052022_BEST",
 "logging_level": 0,
 "long": {"auto_unstuck_ema_dist": 0.09465818152503966,
          "auto_unstuck_wallet_exposure_threshold": 0.8083271885435225,
          "backwards_tp": true,
          "ddown_factor": 3,
          "ema_span_0": 1840.3859140978998,
          "ema_span_1": 7926.628320538887,
          "enabled": true,
          "initial_eprice_ema_dist": -0.026216898488093526,
          "initial_qty_pct": 0.03072116984203851,
          "markup_range": 0.045099569190735316,
          "min_markup": 0.03469222434057474,
          "n_close_orders": 28,
          "rentry_pprice_dist": 0.04594559711478247,
          "rentry_pprice_dist_wallet_exposure_weighting": 41.382576071009154,
          "wallet_exposure_limit": 0.1},
 "short": {"auto_unstuck_ema_dist": 0.004839546889711375,
           "auto_unstuck_wallet_exposure_threshold": 0.8951566410723139,
           "backwards_tp": true,
           "ddown_factor": 0.4334742131531205,
           "ema_span_0": 1205.6158043669311,
           "ema_span_1": 4804.303484274475,
           "enabled": false,
           "initial_eprice_ema_dist": -0.03578409830694712,
           "initial_qty_pct": 0.02748004697425479,
           "markup_range": 0.04072174827823658,
           "min_markup": 0.03682515294914868,
           "n_close_orders": 13,
           "rentry_pprice_dist": 0.023201508320905583,
           "rentry_pprice_dist_wallet_exposure_weighting": 44.28163703521023,
           "wallet_exposure_limit": 0.1}}
